,score
0,0.999999999999998
1,0.6788794766790023
2,0.6385779253753123
3,0.69595908182569
4,0.3238972445105279
5,0.2545780731865354
6,0.6479228677190648
0,0.9999999999999976
1,0.4364161759400466
2,0.35471905110847796
3,0.1683182311126766
4,0.3547461223169969
5,0.19090757335369016
6,0.3929948357604565
7,0.4952569131256311
8,0.2624526361117694
9,0.24088964935027135
10,0.3077229718775273
11,0.31065002967357264
12,0.4265620526213372
13,0.2364901223860917
14,0.4701327895538481
15,0.5045053304810055
16,0.3616377511576144
17,0.2561462179381283
18,0.19767803011923332
19,0.3136805590685008
20,0.12983797310679404
21,0.24068170162806096
22,0.15732157368614358
23,0.2040645236954733
24,0.22506810666885785
25,0.18595433018034527
26,0.202406077886404
27,0.22520480384608685
28,0.1933198667562967
29,0.25765267528404984
30,0.17124804320210124
31,0.132071155838653
32,0.2909321303551994
0,1.000000000000001
1,0.1372064145949498
2,0.3490418581975229
3,0.4290040212421883
4,0.1637769891043615
5,0.3577363173741357
6,0.2728157832483993
7,0.2840810348696261
8,0.07986017949128713
9,0.06623739778690323
10,0.22126961182824148
11,0.15581379596063785
12,0.12512275052924393
13,0.08063675470783707
14,0.07318526809885573
15,0.2130580279033254
16,0.1704609093046152
17,0.2307454428259252
18,0.13725201013553762
19,0.18171172661505844
0,0.9999999999999976
1,0.18489560523552034
2,0.2361138218328199
3,0.17521587771042446
4,0.1055521445672284
5,0.17126474052763271
6,0.2532598323756182
7,0.24852665843257365
8,0.17850390357712506
9,0.2481290834227433
10,0.12790259266116885
11,0.1742581542019134
12,0.3304037653610783
13,0.12409117091869068
14,0.16161945856674614
15,0.31518463555758697
16,0.1405940064308412
17,0.3731775410008107
18,0.4507266539535805
19,0.16625871364734082
20,0.3055738488547031
21,0.1993002635266132
22,0.17144730160594351
23,0.220681898796126
24,0.18571170809885573
25,0.14464110211848774
26,0.20034670973086088
27,0.2195294825644397
28,0.1663358450438192
29,0.21499141688237267
30,0.3729179273911041
31,0.2353908674436229
32,0.09116285288410814
33,0.18673406500744053
34,0.17851818960494975
35,0.21450077326710926
36,0.2618699106041815
37,0.2110630381224569
0,1.0000000000000029
1,0.6848645657184561
2,0.37223343937452497
3,0.3039377185694333
4,0.4323835083403023
5,0.18388942324197607
6,0.35061339105394834
7,0.2510761816078365
8,0.3953196001935583
9,0.2648176611124388
10,0.3953382387702238
11,0.4068396151870551
12,0.3717952390123628
13,0.24407452721337625
14,0.4017953033599828
15,0.4105930193653409
16,0.3280723066872343
17,0.26625788645811244
18,0.02952659450791612
0,1.0000000000000004
1,0.592629144979723
2,0.5637943070676461
3,0.37404025119466056
4,0.4169383887279025
5,0.4059727904179942
6,0.3472897531159121
7,0.32355551549378386
8,0.34684347071539195
9,0.31088781947534816
10,0.3438047507626053
11,0.28224795250233753
12,0.3626827592922501
13,0.5000087212089058
14,0.4354971790606097
15,0.3419535343999226
16,0.4633150348087551
17,0.4105695002258252
18,0.3966263024858044
19,0.5288499995930676
20,0.35900261909670234
21,0.499384317931151
22,0.4372432884480498
23,0.3549584776798673
24,0.2975933457435766
25,0.4441697717767142
26,0.5241843199926239
27,0.4833231106762179
28,0.4010722322091107
29,0.3797470770622726
30,0.2797961362680051
